
1.00000000000000000000000000000000000000000000000000 1                             0

0.50000000000000000000000000000000000000000000000000 5                             1

0.25000000000000000000000000000000000000000000000000 25                            2

0.12500000000000000000000000000000000000000000000000 125                           3

0.06250000000000000000000000000000000000000000000000 625                           4

0.03125000000000000000000000000000000000000000000000 3125                          5

0.01562500000000000000000000000000000000000000000000 15625                         6

0.00781250000000000000000000000000000000000000000000 78125                         7

0.00390625000000000000000000000000000000000000000000 390625                        8

0.00195312500000000000000000000000000000000000000000 1953125                       9

0.00097656250000000000000000000000000000000000000000 9765625                      10

0.00048828125000000000000000000000000000000000000000 48828125                     11

0.00024414062500000000000000000000000000000000000000 244140625                    12

0.00012207031250000000000000000000000000000000000000 1220703125                   13

0.00006103515625000000000000000000000000000000000000 6103515625                   14

0.00003051757812500000000000000000000000000000000000 30517578125                  15

0.00001525878906250000000000000000000000000000000000 152587890625                 16

0.00000762939453125000000000000000000000000000000000 762939453125                 17

0.00000381469726562500000000000000000000000000000000 3814697265625                18

0.00000190734863281250000000000000000000000000000000 19073486328125               19

0.00000095367431640625000000000000000000000000000000 95367431640625               20

0.00000047683715820312500000000000000000000000000000 476837158203125              21

0.00000023841857910156250000000000000000000000000000 2384185791015625             22

0.00000011920928955078125000000000000000000000000000 11920928955078125            23

0.00000005960464477539062500000000000000000000000000 59604644775390625            24

0.00000002980232238769531250000000000000000000000000 298023223876953125           25

0.00000001490116119384765625000000000000000000000000 1490116119384765625          26

0.00000000745058059692382812500000000000000000000000 7450580596923828125          27

0.00000000372529029846191406250000000000000000000000 359414837200037393           28

0.00000000186264514923095703125000000000000000000000 1797074186000186965          29

0.00000000093132257461547851562500000000000000000000 8985370930000934825          30

0.00000000046566128730773925781250000000000000000000 8033366502585570893          31

0.00000000023283064365386962890625000000000000000000 3273344365508751233          32

0.00000000011641532182693481445312500000000000000000 16366721827543756165         33

0.00000000005820766091346740722656250000000000000000 8046632842880574361          34

0.00000000002910383045673370361328125000000000000000 3339676066983768573          35

0.00000000001455191522836685180664062500000000000000 16698380334918842865         36

0.00000000000727595761418342590332031250000000000000 9704925379756007861          37

0.00000000000363797880709171295166015625000000000000 11631138751360936073         38

0.00000000000181898940354585647583007812500000000000 2815461535676025517          39

0.00000000000090949470177292823791503906250000000000 14077307678380127585         40

0.00000000000045474735088646411895751953125000000000 15046306170771983077         41

0.00000000000022737367544323205947875976562500000000 1444554559021708921          42

0.00000000000011368683772161602973937988281250000000 7222772795108544605          43

0.00000000000005684341886080801486968994140625000000 17667119901833171409         44

0.00000000000002842170943040400743484497070312500000 14548623214327650581         45

0.00000000000001421085471520200371742248535156250000 17402883850509598057         46

0.00000000000000710542735760100185871124267578125000 13227442957709783821         47

0.00000000000000355271367880050092935562133789062500 10796982567420264257         48

0.00000000000000177635683940025046467781066894531250 17091424689682218053         49

0.00000000000000088817841970012523233890533447265625 11670147153572883801         50

0.00000000000000044408920985006261616945266723632812 3010503546735764157          51

0.00000000000000022204460492503130808472633361816406 15052517733678820785         52

0.00000000000000011102230246251565404236316680908203 1475612373555897461          53

0.00000000000000005551115123125782702118158340454102 7378061867779487305          54

0.00000000000000002775557561562891351059079170227051 18443565265187884909         55

0.00000000000000001387778780781445675529539585113525 18430850031101218081         56

0.00000000000000000693889390390722837764769792556763 18367273860667883941         57

0.00000000000000000346944695195361418882384896278381 18049393008501213241         58

0.00000000000000000173472347597680709441192448139191 16459988747667859741         59

0.00000000000000000086736173798840354720596224069595 8512967443501092241          60

0.00000000000000000043368086899420177360298112034798 5671349070086357973          61

0.00000000000000000021684043449710088680149056017399 9910001276722238249          62

